100
4 2
5 2
6 2
1000 1000
1000 1
492 468
999 497
345 323
518 409
395 317
999 999
1000 256
365 288
500 255
788 741
1000 511
999 487
1 1
1000 128
5 1
2 1
3 2
312 291
317 243
429 373
999 404
715 688
500 245
3 1
500 101
500 128
444 380
278 238
836 782
999 256
2 2
1000 512
653 577
1000 504
746 669
1000 255
500 117
525 425
347 286
955 873
999 511
999 498
1000 500
500 2
4 1
999 128
500 248
500 1
500 198
794 750
999 127
999 488
500 500
1000 127
999 499
315 282
500 252
882 694
603 542
721 614
500 244
756 731
854 811
416 317
733 683
927 756
500 249
500 116
1000 489
1000 498
999 506
999 255
999 998
560 544
882 820
1000 2
673 591
1000 304
1000 499
999 2
999 1
500 256
879 749
1000 488
412 358
526 463
500 127
657 643
858 749
999 512
500 499
1000 999
450 392
825 618
500 250
