100
4 2
5 2
6 2
1000 1000
1000 1
621298 569230
999999 999999
792897 602213
1000000 127
372752 329903
855681 786905
1000000 500000
310905 250052
500000 262143
798308 616676
837311 805253
500000 500000
2 1
999999 262144
3 2
1000000 1
500000 253792
1000000 262144
692997 655842
889096 810797
999999 262143
500000 237856
1000000 475713
1000000 524287
639804 521562
1000000 306079
999999 999998
656456 618693
500000 237857
999999 524287
500000 131072
809537 672967
4 1
999999 499998
413133 323266
448915 431778
1000000 475712
568420 438857
558647 440599
646045 505136
500000 249999
482415 406231
613235 570386
558505 531824
620584 591852
691235 532849
776148 619906
697468 595538
999999 1
1000000 262143
851757 686276
999999 524288
500000 250000
1 1
500000 194745
999999 127
1000000 524288
500000 131071
500000 2
500000 127
1000000 506751
500000 249998
999999 511813
823608 715233
1000000 999999
572347 482226
5 1
999999 499997
1000000 1000000
919452 898128
902465 866983
378069 337150
1000000 499999
500000 128
999999 499999
999999 475711
252877 224141
431892 352877
1000000 499998
999999 398669
818811 687719
999999 128
999999 475712
363969 294901
2 2
804610 728856
1000000 128
936999 850511
999999 2
500000 1
3 1
608803 567490
1000000 2
500000 262144
500000 499999
