100
4 3
4 5 6 4
4 2
4 5 6 4
3 3
1 1 1
19 3
43 23 71 97 55 21 42 5 28 87 67 11 7 46 77 43 53 77 90
2 3
74 17
100 3
32 87 62 35 35 7 32 59 44 98 88 58 50 10 41 86 5 55 89 65 85 41 14 88 29 83 86 17 98 35 20 29 31 88 83 53 68 37 47 38 8 22 39 51 20 92 29 44 75 32 35 98 20 37 47 67 68 64 8 35 31 32 62 79 59 82 38 86 44 98 75 28 62 32 13 77 23 87 62 35 52 14 44 10 77 44 58 68 8 5 92 71 26 64 9 41 97 76 83 65
100 3
37 86 38 14 94 62 13 75 95 75 76 37 49 47 63 54 83 54 67 47 23 15 65 74 35 8 77 80 29 67 31 34 80 22 40 73 10 80 97 20 56 41 77 8 80 67 56 35 56 41 40 60 58 4 97 65 14 19 95 5 50 50 26 55 53 65 50 52 26 7 24 40 85 55 50 82 69 48 70 35 79 13 97 4 29 97 62 95 89 90 2 8 75 2 83 19 48 8 76 98
19 2
50 67 19 1 16 65 76 45 82 27 97 72 48 95 96 27 2 80 94
100 3
20 36 41 93 86 11 56 28 86 52 33 83 28 80 36 74 11 7 11 53 43 5 7 80 41 49 20 89 85 29 95 10 95 47 40 77 91 74 36 35 98 71 77 68 14 26 20 70 12 25 29 17 38 2 56 62 20 11 43 50 5 58 20 11 5 23 63 22 29 54 91 47 92 80 59 91 40 74 74 70 8 85 52 95 79 17 26 50 31 5 20 11 77 62 86 48 2 44 19 86
100 3
49 98 8 10 18 28 6 26 88 49 78 43 6 86 44 60 78 93 66 24 39 3 65 55 53 67 55 2 86 23 73 41 53 5 62 33 78 56 19 96 73 15 9 10 41 5 36 16 96 61 30 34 49 54 77 15 48 83 82 33 44 91 79 20 10 57 51 95 46 29 31 1 49 42 33 86 97 26 86 28 7 64 89 70 51 84 52 80 68 94 95 39 83 93 2 54 9 37 11 11
20 3
65 11 82 31 52 34 2 97 8 16 37 79 28 7 47 13 80 37 8 55
100 3
62 17 58 89 37 38 21 52 19 13 50 88 79 1 47 5 48 95 76 50 94 13 27 12 80 23 43 89 13 42 51 19 91 55 71 17 10 2 78 23 28 17 59 70 29 1 55 74 11 95 32 87 33 71 82 95 70 35 47 24 20 80 77 53 32 62 79 91 88 85 29 79 29 77 17 71 1 10 95 19 63 98 41 22 68 74 56 89 73 4 98 98 5 50 90 59 24 27 98 53
100 3
69 26 93 19 41 55 79 23 72 2 65 69 80 77 76 64 20 32 73 41 94 94 98 35 68 32 11 35 70 53 71 50 65 49 59 8 23 98 56 46 98 56 80 26 52 89 30 74 84 23 2 22 29 59 26 36 14 59 33 44 94 74 22 4 87 73 47 54 2 74 80 41 95 8 80 59 31 54 65 62 20 8 75 47 83 59 37 47 16 35 56 13 74 32 23 26 25 71 55 69
100 3
71 38 65 66 2 52 56 70 35 31 26 80 47 14 72 11 53 5 39 32 77 94 33 93 79 35 35 67 3 20 52 38 29 32 91 7 19 75 37 58 43 47 30 77 29 2 52 43 95 35 17 2 4 29 76 11 47 73 97 82 49 74 82 5 83 77 94 82 89 44 11 23 24 83 68 59 47 97 92 59 17 89 97 43 98 34 35 44 86 68 37 88 29 26 35 30 20 56 20 67
100 3
95 32 68 32 76 14 35 65 89 55 61 18 47 62 53 19 32 41 62 47 31 9 79 41 32 37 28 29 5 59 44 23 53 86 80 48 77 6 44 79 70 86 56 5 44 35 8 79 83 17 67 2 28 74 26 8 20 38 62 5 95 67 92 5 27 11 94 12 25 86 14 76 95 55 85 41 13 79 78 89 19 23 35 92 24 12 52 35 89 8 8 2 52 2 13 70 38 50 67 41
100 3
98 79 2 43 8 47 56 61 83 97 26 29 20 34 19 45 95 20 65 43 80 63 52 44 81 5 32 71 93 58 5 50 14 2 98 4 59 14 72 22 71 1 95 92 31 2 58 26 29 90 59 47 8 34 98 7 77 49 88 82 89 14 2 34 59 71 96 34 17 24 14 68 19 65 35 8 4 50 43 80 23 59 65 89 23 59 26 55 26 85 5 55 43 23 23 79 8 65 29 80
100 3
31 12 8 37 13 84 64 71 16 89 2 97 56 11 66 23 49 29 44 47 40 52 21 92 8 58 95 59 5 95 2 97 82 38 4 35 86 98 95 50 14 25 34 85 62 71 14 78 38 53 14 56 35 23 59 95 88 77 38 86 71 17 34 32 35 86 10 74 28 80 81 74 33 92 44 81 87 45 23 8 5 41 50 83 79 81 56 61 8 8 56 19 7 18 11 98 83 5 84 71
100 3
96 9 42 41 98 80 58 17 7 62 95 97 5 77 59 26 56 14 26 50 14 8 68 89 53 71 18 86 96 56 68 80 22 98 34 59 29 44 8 31 1 98 95 31 94 4 92 59 58 19 94 56 22 2 19 74 75 2 83 22 47 18 20 55 62 83 44 38 10 32 43 71 44 94 71 8 76 13 35 50 68 2 34 90 97 38 17 50 98 71 71 66 28 91 88 64 77 23 80 74
100 3
7 64 80 53 86 22 31 7 95 50 25 97 98 55 37 98 22 17 19 1 1 38 29 50 52 20 10 77 97 32 49 14 53 31 92 40 10 31 92 41 70 62 52 67 11 41 67 80 88 35 92 19 41 49 35 28 5 8 22 23 59 64 14 70 38 86 79 50 41 20 61 29 73 47 13 29 13 32 80 58 74 35 7 52 95 65 76 89 53 22 95 5 71 5 94 1 62 67 77 17
100 3
94 86 49 11 63 38 26 33 23 94 58 55 16 58 11 22 8 55 53 91 79 71 94 76 98 10 19 46 61 75 50 38 35 40 73 70 31 50 58 30 93 14 31 28 16 82 17 78 61 34 88 22 73 38 30 10 91 41 73 4 44 53 31 79 82 55 51 71 70 60 55 56 17 79 81 59 64 28 10 95 58 4 88 89 29 43 64 13 2 79 51 4 55 77 72 65 79 98 38 73
100 3
25 27 6 29 91 94 76 1 45 95 73 79 8 89 94 25 58 82 46 71 98 85 5 51 77 63 2 49 97 46 95 19 18 28 35 58 58 35 64 1 58 91 97 56 82 1 31 50 8 43 40 70 73 31 61 16 83 2 97 92 23 82 1 76 52 2 73 82 7 38 75 58 17 66 94 61 7 37 54 7 13 55 16 32 68 86 59 11 7 40 13 70 4 31 94 13 55 32 17 4
1 3
44
12 3
44 98 92 91 44 86 98 34 25 85 82 75
21 3
93 32 94 67 53 88 59 56 74 16 47 16 40 92 30 65 35 19 98 31 83
10 3
22 32 95 83 37 50 28 68 70 10
2 2
61 41
100 3
40 11 8 68 29 7 19 1 25 56 72 21 10 14 31 82 49 12 50 4 29 13 4 7 14 77 49 7 91 73 10 34 7 10 7 54 49 29 95 38 64 52 25 53 95 76 83 85 68 74 95 22 37 91 58 82 74 29 34 34 76 61 35 1 35 79 26 46 58 75 67 94 79 16 94 57 80 53 55 94 79 79 68 53 77 43 1 92 26 71 11 1 19 28 26 86 48 34 58 51
100 3
95 11 28 39 49 8 7 82 23 70 26 46 31 89 38 58 58 38 4 66 46 61 56 85 25 91 77 71 52 37 13 93 43 55 8 64 46 19 86 83 12 49 32 13 16 1 91 69 40 67 41 16 10 87 90 68 88 96 67 86 83 92 10 26 97 49 67 13 85 50 82 1 81 18 86 11 94 98 25 48 11 13 73 25 84 46 97 44 88 43 10 10 35 3 61 4 25 82 9 58
100 3
64 40 16 23 16 29 28 2 2 31 42 46 52 19 5 83 45 76 72 29 82 43 2 4 10 13 1 91 82 85 55 82 69 2 74 55 88 40 82 46 20 22 89 85 67 29 79 49 22 34 52 13 16 94 23 6 82 82 70 73 88 85 16 63 63 32 47 16 50 67 79 55 40 97 2 31 43 46 90 34 16 9 14 59 4 60 32 50 17 22 28 7 17 37 17 79 46 53 95 34
100 3
7 40 98 56 59 59 80 45 91 64 93 20 52 74 65 14 93 29 65 50 95 95 22 71 92 4 53 32 34 52 89 80 23 77 98 92 76 22 37 38 62 65 43 33 64 58 8 47 32 88 31 47 77 36 76 91 86 82 17 88 59 5 50 41 35 78 55 47 25 44 65 67 86 17 97 71 18 26 40 7 38 22 74 80 52 56 8 23 35 86 35 44 95 50 77 41 10 82 65 26
100 3
70 79 73 70 82 10 10 67 70 1 73 22 7 16 58 10 31 94 80 27 40 79 17 19 1 12 10 93 40 97 29 40 54 34 25 49 19 76 34 79 16 49 80 55 25 62 47 16 98 46 46 61 86 71 37 1 50 49 79 58 88 24 85 37 10 34 83 49 87 1 16 74 54 97 1 67 73 91 71 43 70 19 49 59 82 82 49 61 97 17 46 26 15 37 10 83 79 8 55 89
100 3
44 55 37 20 16 80 80 64 25 76 58 94 26 28 67 70 88 44 74 98 45 13 52 1 71 43 77 43 17 28 5 23 93 59 40 61 10 61 42 13 16 37 20 67 8 11 13 25 64 44 22 43 73 88 23 58 31 13 86 5 52 32 94 29 94 46 61 18 74 24 79 28 62 86 27 86 70 71 15 46 81 88 16 49 46 22 4 49 34 18 19 29 31 67 26 50 58 66 4 25
100 3
34 54 61 5 31 34 10 16 34 79 13 43 55 53 31 34 43 10 71 35 56 42 91 65 40 11 4 95 41 31 58 22 55 73 9 34 13 98 91 32 22 44 29 74 79 53 44 45 52 95 82 19 97 34 44 31 74 89 83 55 73 34 97 64 73 55 85 47 62 1 13 6 66 35 92 82 65 83 10 88 97 49 73 18 52 7 53 20 91 35 76 53 76 67 7 55 58 73 59 10
100 3
90 61 68 34 5 55 10 59 96 98 98 34 20 47 52 7 4 67 82 65 43 19 26 46 8 37 13 79 35 1 22 61 22 19 92 75 44 56 13 35 14 67 97 4 97 34 65 30 43 89 62 7 53 4 33 6 64 80 24 94 82 13 68 5 80 71 28 80 11 13 51 1 8 37 66 82 61 10 40 32 72 67 34 1 83 11 18 73 71 47 16 83 7 98 12 43 69 92 7 24
1 2
30
100 3
23 22 13 31 58 58 5 97 20 55 64 2 43 61 52 11 62 31 13 49 16 19 43 67 12 70 44 34 78 87 82 74 67 59 65 49 90 36 15 11 25 86 42 22 76 37 6 77 52 31 71 60 52 8 58 17 7 37 53 49 73 95 53 22 88 14 55 31 67 22 85 20 3 10 97 67 4 68 62 97 1 31 7 87 31 41 43 92 96 86 25 2 23 10 62 24 53 63 44 77
100 3
91 31 77 76 45 15 89 86 31 92 29 58 22 71 7 88 45 28 71 2 40 8 1 89 34 5 13 52 91 58 83 85 14 85 97 95 25 31 25 7 1 53 29 63 7 34 82 70 65 56 94 53 88 10 58 91 46 4 71 70 60 34 70 70 66 7 88 65 1 65 16 76 20 46 31 70 28 25 82 66 8 25 1 28 34 31 83 43 20 81 41 26 92 16 32 95 22 58 88 10
19 3
2 85 5 39 68 13 16 84 38 90 68 19 5 20 22 50 94 43 16
100 3
23 79 54 38 76 4 89 66 67 43 70 70 21 31 93 58 31 67 74 91 8 68 31 91 67 25 36 95 47 61 88 25 58 73 27 55 85 66 56 34 82 97 74 5 56 95 2 37 62 1 92 55 25 8 62 17 79 5 97 22 46 4 31 32 4 58 28 95 60 54 1 49 4 94 95 25 55 17 83 55 88 67 31 44 51 3 90 34 64 63 34 32 34 13 17 8 19 97 35 91
16 2
6 50 61 3 68 29 67 48 38 42 72 11 35 20 82 38
100 3
73 94 59 38 28 28 76 81 92 20 7 89 50 49 29 19 5 93 55 35 64 75 7 29 14 54 7 64 34 82 56 34 13 1 53 16 71 71 4 10 83 34 23 87 49 55 43 85 64 43 50 61 52 44 23 22 79 94 1 55 94 91 47 16 79 7 79 32 31 82 49 85 85 55 40 37 13 31 11 14 35 70 4 85 21 94 14 50 39 85 86 94 35 1 1 63 12 25 80 23
100 3
63 10 52 89 73 61 79 52 73 96 10 25 47 44 82 61 49 52 4 81 43 94 19 68 7 11 19 22 88 29 92 94 62 2 37 2 97 56 20 55 16 56 73 12 61 35 33 61 50 7 14 95 38 22 82 38 38 82 11 73 79 63 55 52 10 88 91 71 31 47 58 95 86 77 45 35 41 52 26 70 73 1 76 7 43 79 33 55 88 25 79 79 49 92 62 31 23 1 82 82
100 3
68 53 44 23 22 2 56 61 58 31 85 67 40 61 44 2 16 98 29 65 17 14 18 59 70 73 31 13 2 56 34 44 64 59 74 11 29 86 39 27 88 10 31 35 20 40 45 41 49 81 86 95 53 82 38 53 56 86 47 12 50 91 41 56 13 70 20 65 25 40 47 76 59 86 23 11 22 83 60 14 68 9 47 50 54 79 20 14 9 90 65 2 98 38 96 29 29 5 46 55
18 3
80 89 43 56 41 65 37 37 13 68 37 44 91 82 15 76 7 79
1 3
27
100 3
42 52 30 49 92 98 76 38 28 17 75 8 74 44 19 85 29 89 58 13 74 76 79 83 40 67 73 46 11 25 91 46 46 88 1 73 52 64 28 10 52 55 55 25 7 57 9 57 37 67 42 68 69 86 87 13 55 22 70 70 34 35 60 7 91 25 82 7 58 83 58 31 75 71 64 16 75 92 13 43 6 80 10 74 86 94 64 1 28 4 79 59 60 25 64 1 4 43 49 9
100 3
79 69 50 26 87 10 37 80 26 34 4 38 97 88 32 14 70 70 40 91 47 7 61 70 61 50 26 88 51 82 16 43 56 44 64 16 59 25 31 56 10 22 38 49 58 8 90 56 4 62 88 61 10 43 25 5 82 77 4 10 26 82 19 80 98 79 67 65 8 26 2 34 4 58 65 46 76 4 28 52 64 69 86 1 16 4 55 23 16 80 67 1 52 62 89 35 77 49 39 34
100 3
88 61 28 49 94 59 56 50 2 94 94 74 90 4 82 61 85 16 64 55 92 88 74 98 62 36 26 31 88 78 30 4 7 39 19 59 46 25 79 56 46 17 58 19 39 2 22 31 74 7 70 91 97 52 13 1 7 52 7 40 53 1 97 7 11 98 55 83 8 17 3 22 73 57 7 79 7 59 80 95 1 94 16 73 97 61 31 65 80 58 35 65 2 40 7 3 62 40 40 67
100 3
16 13 61 13 94 40 49 49 1 1 38 28 16 64 36 97 96 71 88 94 21 53 2 4 56 43 4 7 16 46 56 73 40 7 85 32 19 61 57 5 15 92 58 64 56 9 43 25 49 55 20 67 31 89 86 37 88 22 52 76 76 34 38 4 49 71 1 46 76 52 53 98 84 4 10 23 28 61 17 77 64 1 65 16 1 87 79 91 43 13 14 23 97 56 49 43 55 49 53 43
100 3
2 20 50 92 26 23 34 1 71 46 8 13 41 44 83 52 72 83 34 14 41 49 47 51 8 83 83 8 86 5 56 66 33 65 26 89 62 83 11 71 94 60 34 13 58 31 70 43 5 49 55 96 14 64 65 31 6 53 10 28 54 59 82 44 50 72 37 61 70 67 83 9 22 5 29 89 44 80 86 88 2 60 49 98 2 11 43 4 38 16 26 74 53 23 98 32 53 48 5 36
100 3
46 96 46 7 80 43 18 18 16 85 59 7 97 64 14 22 53 37 47 82 39 31 73 13 46 82 68 16 56 40 91 41 87 11 52 52 22 19 70 16 65 83 34 65 22 60 21 52 5 36 74 51 19 19 32 58 94 97 31 71 4 48 21 25 10 90 13 13 52 6 7 39 23 43 82 91 13 25 85 79 91 30 60 74 1 47 4 82 14 82 61 76 73 79 61 25 46 82 82 52
100 3
50 32 65 17 58 98 19 59 11 11 5 59 44 69 2 62 5 37 62 8 98 24 22 8 56 23 74 85 49 70 77 60 77 74 5 29 77 47 65 42 80 71 58 73 95 80 82 35 13 64 21 2 61 14 89 41 28 83 32 14 67 47 10 14 14 38 65 56 39 54 44 26 34 75 32 44 5 44 95 20 53 32 38 14 17 35 20 11 47 4 41 44 2 20 25 95 40 17 11 12
22 3
79 69 32 38 53 35 86 23 74 17 76 13 97 62 16 80 14 52 27 25 28 2
100 3
34 73 49 29 7 83 16 13 22 94 58 37 61 62 85 94 13 56 91 40 43 18 67 28 67 42 14 28 68 70 52 45 8 65 82 25 98 77 59 61 11 86 97 19 47 79 60 70 7 17 28 34 26 10 38 13 70 79 35 66 43 25 82 40 64 49 29 14 37 13 25 7 4 49 11 91 61 20 49 65 49 35 74 82 32 44 94 86 38 11 61 53 55 47 25 28 32 73 60 63
100 3
67 89 89 43 55 47 50 14 98 48 91 14 68 14 2 92 8 73 85 53 34 46 80 75 9 44 71 5 74 80 61 30 68 80 22 95 76 11 47 50 96 16 20 44 74 93 41 94 89 92 47 15 93 43 64 7 62 73 41 92 86 79 16 5 22 5 92 47 49 34 77 63 28 83 86 47 46 7 8 35 23 46 2 73 57 85 98 7 56 80 68 32 10 91 89 28 95 47 53 66
100 3
13 71 80 73 4 50 27 91 23 16 74 19 14 40 37 1 46 49 46 94 26 16 82 85 74 64 4 3 34 1 1 52 64 7 83 94 55 37 1 92 11 71 1 49 61 85 70 49 19 1 53 34 11 76 76 58 52 1 16 92 66 21 97 85 49 97 38 89 2 66 62 81 91 34 79 53 32 88 19 2 34 7 37 47 92 13 25 32 5 46 13 70 13 85 37 81 1 58 35 80
100 3
76 91 65 47 3 11 57 79 69 75 79 2 61 11 62 2 28 73 86 95 6 25 78 77 62 62 95 62 89 26 39 25 41 39 89 39 65 95 85 29 86 5 20 23 11 20 2 2 81 14 86 95 22 33 89 65 23 46 5 53 77 20 76 86 33 71 92 51 19 22 86 97 98 41 71 37 74 31 89 34 52 92 41 74 44 71 28 62 77 26 50 73 86 74 57 53 75 1 61 97
100 3
31 71 20 55 94 17 76 94 25 97 2 70 85 82 46 13 85 33 58 50 50 81 4 35 69 89 75 67 85 79 10 52 28 22 91 58 28 1 29 33 61 8 43 33 38 97 11 34 67 82 34 74 65 42 27 34 67 37 64 51 22 62 2 95 1 41 97 61 52 53 56 28 36 83 77 65 64 31 7 94 82 2 67 59 84 48 31 46 37 27 13 37 20 32 37 82 28 44 64 70
100 3
32 80 68 62 86 31 58 5 68 31 53 77 44 10 66 77 4 65 22 80 32 26 41 14 86 41 77 31 76 26 47 81 78 11 50 68 62 13 94 61 89 26 53 77 70 64 10 53 19 7 5 41 33 74 62 81 77 88 32 40 29 35 62 92 86 74 28 77 25 98 20 2 53 80 23 3 71 10 61 29 59 30 17 14 5 76 11 2 59 35 30 73 31 59 31 85 26 47 79 20
100 3
67 15 7 62 71 18 22 8 71 92 2 34 29 74 10 8 1 80 35 6 20 89 74 7 63 71 2 10 35 97 44 91 89 34 11 41 9 89 35 8 77 83 71 91 8 98 91 92 66 20 55 34 56 17 77 2 35 1 75 29 32 59 69 71 31 62 65 89 31 77 35 5 82 2 89 22 89 28 61 88 71 71 74 96 77 65 35 71 74 52 55 23 5 77 73 14 53 77 47 41
100 3
85 54 29 97 40 68 76 97 67 38 83 7 44 29 34 46 89 98 88 43 9 64 13 82 8 58 73 87 94 19 40 13 94 86 3 43 85 40 49 49 37 28 23 49 19 59 67 58 29 91 22 13 68 7 25 43 22 13 47 20 65 79 5 88 67 10 11 49 40 76 5 59 22 67 73 26 94 47 28 76 76 95 85 49 71 66 2 13 65 23 62 95 11 97 50 1 65 91 3 5
100 3
43 32 68 40 20 1 64 88 37 95 32 20 4 49 49 94 40 95 54 40 22 46 32 19 34 53 64 82 47 54 43 4 34 53 65 74 49 7 52 28 65 47 34 4 11 61 28 64 91 11 32 44 83 43 73 37 63 94 11 52 65 31 11 31 83 57 68 85 14 88 25 22 78 86 91 69 6 19 5 69 82 70 81 95 19 13 32 50 19 88 85 37 25 56 43 13 17 9 55 58
100 3
69 70 38 35 60 70 88 14 41 42 59 2 41 32 86 26 29 29 58 71 62 8 70 13 70 79 14 46 25 5 56 47 45 20 17 91 32 35 23 34 86 29 98 71 67 85 93 25 5 67 74 43 68 53 70 85 67 87 64 14 92 62 89 65 98 59 52 1 95 60 89 98 89 92 31 53 56 37 56 13 22 74 38 23 56 69 47 14 42 11 70 50 46 98 32 41 25 98 92 92
100 3
28 87 61 98 52 76 16 4 4 7 19 14 66 34 81 31 93 26 7 23 25 92 64 53 31 82 49 40 41 73 1 70 91 2 79 24 85 79 13 9 71 52 14 7 72 91 94 94 55 34 38 26 11 1 41 35 97 5 59 46 16 74 82 44 3 44 62 12 12 30 52 31 28 32 77 73 80 80 28 49 7 91 82 92 23 10 45 76 27 26 82 32 60 58 61 89 13 75 28 31
100 3
67 70 23 73 22 25 80 79 55 93 89 46 85 91 46 22 4 30 40 40 67 26 37 19 67 70 55 95 91 13 10 79 32 58 58 73 14 18 97 67 85 7 37 58 76 82 37 78 55 70 28 79 77 93 79 49 89 73 25 91 40 34 34 62 35 24 91 89 64 55 88 64 8 20 59 55 64 23 10 58 33 88 60 52 19 85 8 10 94 19 34 40 88 5 31 98 72 81 16 34
19 3
8 68 58 10 70 59 89 50 80 41 10 56 98 77 17 55 59 80 91
100 3
44 26 53 50 93 91 11 67 77 41 38 38 98 63 80 5 86 83 89 12 94 26 83 44 94 25 29 2 11 55 78 29 10 77 68 11 61 69 2 88 93 62 56 71 40 50 85 16 97 22 53 17 83 74 32 93 26 50 50 7 40 83 87 82 20 15 88 73 1 10 64 42 10 98 64 13 91 22 50 74 73 56 40 35 47 88 61 62 23 98 29 32 35 26 37 68 67 7 50 50
100 3
74 67 95 28 11 12 61 81 74 26 78 55 28 19 7 29 31 67 40 82 86 10 40 52 67 58 19 73 28 53 2 2 97 77 64 73 64 69 35 22 94 55 13 61 15 97 10 30 16 79 40 31 97 96 26 43 82 58 34 58 42 54 8 22 25 72 54 65 67 80 37 67 64 31 31 46 46 20 59 61 34 32 33 91 53 73 82 71 82 7 15 19 25 33 46 67 4 52 54 79
2 3
25 49
100 3
51 13 72 20 87 69 49 1 41 39 64 97 28 89 10 24 20 40 88 92 40 16 89 41 31 28 83 20 92 44 75 68 79 75 2 11 49 97 7 74 7 31 50 53 40 76 20 52 94 95 97 24 97 1 49 13 91 13 40 86 56 35 76 10 94 49 32 43 14 87 62 44 62 20 36 38 85 76 91 28 56 55 73 17 67 29 33 42 49 33 85 79 91 34 85 50 69 42 94 46
100 3
49 38 97 1 37 61 35 77 80 16 11 67 38 83 71 71 26 4 50 55 98 8 44 10 53 90 55 5 22 74 20 70 44 86 55 62 14 79 5 81 20 29 52 45 47 13 40 19 29 4 74 17 77 73 26 77 44 32 65 94 5 22 54 33 80 58 52 91 23 58 13 28 97 11 19 77 84 17 26 59 53 80 21 9 14 23 7 81 11 3 43 35 42 95 44 83 74 59 23 73
100 3
58 25 7 76 7 22 38 62 28 26 49 35 17 16 19 64 19 21 91 74 19 52 94 76 48 82 37 73 27 43 72 29 55 59 27 58 22 97 76 82 68 13 55 48 61 52 82 1 10 73 7 28 56 10 37 93 54 83 40 7 94 19 79 71 80 98 55 16 12 34 13 92 19 91 94 53 8 31 76 55 50 61 1 22 55 98 40 61 34 47 46 20 47 46 55 31 25 40 79 55
100 3
26 86 97 34 83 29 67 46 74 55 61 96 96 82 70 76 63 91 94 52 82 10 42 6 58 40 5 77 64 46 31 76 7 19 44 55 49 46 72 67 36 13 61 39 37 52 25 46 8 98 17 86 28 31 56 65 5 29 40 79 79 24 18 32 50 19 16 28 77 16 71 30 25 34 25 17 49 85 67 39 55 58 97 92 46 91 44 53 68 96 58 1 49 37 3 58 66 80 11 86
100 3
10 44 92 37 91 68 7 70 22 91 23 46 25 73 73 77 2 96 26 77 53 19 92 55 65 40 82 4 25 58 91 34 88 91 1 19 31 93 79 64 26 91 14 22 19 11 46 38 32 92 37 89 64 26 65 33 84 34 80 54 46 40 52 34 39 70 22 80 97 59 56 10 74 85 29 73 22 32 81 34 95 40 59 65 79 22 2 68 73 97 14 64 68 1 93 52 43 34 70 81
100 3
2 86 58 40 45 47 52 35 98 34 55 46 95 40 94 35 1 52 52 11 23 81 10 64 6 10 63 23 91 41 92 46 73 74 31 88 49 50 38 34 32 79 37 31 43 40 40 38 59 7 42 10 97 53 97 48 25 94 44 7 19 26 7 16 89 58 47 6 38 28 65 88 44 68 41 85 56 19 64 96 2 26 18 32 15 22 65 63 41 80 73 23 85 70 62 94 5 69 61 35
100 3
64 25 79 80 98 79 33 53 97 64 64 1 70 64 76 4 97 79 46 73 30 26 10 4 81 83 95 85 34 46 98 67 98 67 34 49 10 95 49 13 81 7 4 86 22 73 58 16 79 37 79 97 13 79 46 1 16 34 4 2 13 1 55 34 90 70 64 1 30 31 73 43 94 13 59 20 79 64 94 77 16 38 71 67 22 40 28 62 90 13 43 7 89 73 43 89 89 46 20 60
1 2
1
100 2
91 6 36 69 61 84 86 20 15 59 48 95 64 33 97 24 60 31 29 24 1 3 40 36 52 14 80 19 60 85 12 68 64 70 21 45 67 59 24 13 93 64 34 37 83 32 14 9 65 45 90 29 15 1 82 33 32 63 94 64 50 12 31 72 34 31 57 6 39 60 30 7 58 85 88 4 48 58 92 43 85 2 19 13 87 62 96 9 45 77 24 44 81 77 11 46 3 31 44 59
100 3
58 40 79 13 88 58 70 88 34 76 32 61 58 88 97 47 58 85 71 89 67 44 64 61 97 91 14 43 38 43 70 92 55 8 67 59 91 51 67 71 74 91 4 10 1 17 14 68 56 47 61 33 92 61 82 38 35 82 32 22 94 68 64 22 74 58 61 92 95 61 72 68 64 50 1 62 63 24 19 43 91 66 65 47 85 47 77 18 56 98 79 64 19 67 29 88 70 6 5 64
100 3
29 2 20 67 42 95 24 29 20 41 38 83 65 46 61 32 98 35 81 4 16 83 74 14 2 32 94 17 53 37 35 69 26 48 71 34 14 83 62 68 85 32 74 74 59 19 71 5 94 59 47 73 63 83 50 91 32 92 73 50 91 50 90 59 74 20 82 51 17 62 32 56 65 47 20 20 65 59 67 83 92 92 73 65 35 80 59 29 50 61 57 25 37 27 65 40 12 29 60 74
15 3
46 19 76 29 74 94 16 65 23 22 40 37 32 53 29
100 3
17 74 89 46 62 31 22 40 81 62 50 60 39 94 37 52 41 79 14 80 65 67 50 51 26 89 83 91 5 86 26 43 54 38 12 94 88 29 77 35 12 75 31 83 77 47 89 94 58 21 75 61 84 68 2 23 80 59 25 11 11 40 41 22 79 73 32 64 80 34 44 5 72 19 20 98 38 20 90 43 58 91 83 44 31 35 1 59 74 50 5 14 44 70 88 27 14 23 30 34
11 3
59 22 70 56 51 47 13 41 80 88 97
100 3
82 52 63 10 7 16 14 26 85 58 84 79 88 40 90 67 23 28 7 88 59 67 88 4 20 52 73 76 47 46 85 83 28 70 64 40 2 22 31 41 22 39 81 9 14 50 43 97 34 28 89 37 46 88 96 41 70 28 74 17 70 23 85 46 76 79 4 25 23 67 67 4 82 32 92 19 40 52 52 68 26 86 83 55 43 22 11 91 7 46 77 49 82 75 86 68 97 70 9 95
1 3
79
100 3
52 53 10 41 95 37 28 37 17 79 86 43 43 67 41 7 46 31 88 95 56 28 74 91 79 79 28 35 89 88 96 50 35 64 40 64 16 46 10 77 73 23 67 94 57 85 32 10 86 11 70 98 43 36 76 31 46 22 4 7 7 77 19 98 65 53 37 61 13 94 49 16 8 37 76 54 4 55 2 46 7 14 83 71 85 89 94 31 38 91 70 40 53 25 49 40 22 77 67 22
100 3
29 13 23 19 14 5 97 37 77 41 29 95 86 74 43 77 79 73 62 55 26 89 62 67 7 89 92 1 34 73 74 77 76 28 46 43 95 34 50 49 58 50 58 14 70 97 56 98 59 76 65 10 64 94 88 32 55 79 19 71 5 20 61 22 68 79 50 23 44 97 5 58 34 61 89 89 55 52 19 49 20 5 41 38 56 80 22 97 92 23 44 71 43 13 50 28 76 77 64 10
3 3
32 83 62
100 3
92 7 75 72 43 64 71 23 31 25 50 83 12 73 6 24 40 73 71 97 40 64 39 65 64 98 98 65 23 85 97 97 22 49 37 1 47 97 82 29 1 26 32 94 91 10 57 64 13 91 67 49 40 40 31 71 70 52 1 57 43 53 3 28 85 6 73 46 10 13 71 72 27 67 76 29 70 19 74 19 59 73 40 71 40 19 64 89 22 2 10 14 4 25 85 79 6 19 36 16
21 3
4 61 59 82 52 55 29 62 26 82 58 16 64 1 97 70 80 13 51 43 85
100 3
41 89 34 68 55 62 59 62 1 91 1 53 52 48 94 43 76 32 23 31 67 21 67 25 66 70 34 91 96 73 31 88 59 13 56 97 10 37 40 74 44 94 49 44 97 71 40 79 52 4 70 28 43 91 61 55 4 34 31 65 88 16 45 17 2 4 1 25 18 61 82 62 7 46 32 25 4 64 23 34 32 64 70 75 36 43 61 64 83 88 17 49 21 65 22 48 1 4 43 4
100 3
92 76 16 16 52 10 49 88 88 49 51 94 53 57 68 73 8 37 46 62 55 58 43 7 16 7 19 28 19 18 88 82 46 97 43 43 64 1 67 61 83 77 22 76 22 5 41 46 1 43 31 10 37 58 59 14 22 70 4 25 33 74 9 7 14 89 94 4 37 59 61 65 34 71 70 38 88 19 65 2 37 82 71 52 97 62 74 67 70 76 19 59 86 43 97 19 91 17 9 91
100 3
77 35 47 65 82 32 13 52 28 53 47 35 5 69 71 13 11 77 41 46 32 92 42 53 83 67 56 97 95 5 37 70 78 78 2 61 11 80 90 71 8 76 83 39 86 55 11 78 95 21 3 59 67 61 45 20 56 68 6 92 48 38 88 93 32 56 16 46 98 89 49 38 62 35 40 95 49 90 10 14 76 73 29 77 19 38 83 74 19 49 97 58 5 86 89 9 7 80 88 32
100 3
41 4 8 52 7 52 77 19 49 34 65 7 16 27 87 86 13 67 49 94 19 67 64 4 17 40 28 89 28 74 28 36 79 98 44 38 82 31 31 22 29 67 65 44 91 49 29 68 35 29 61 2 30 91 54 1 47 63 49 75 88 73 5 51 20 29 7 47 43 85 76 6 53 47 29 51 42 13 13 70 67 74 46 78 31 59 79 43 38 36 50 43 44 14 93 55 69 47 19 6
100 3
56 78 79 88 76 1 91 92 34 88 1 15 79 61 39 76 10 31 56 41 22 97 32 62 16 75 20 10 37 52 55 80 76 53 58 28 62 21 70 3 79 13 38 37 52 16 92 18 49 82 6 85 19 18 16 91 45 85 73 76 70 34 4 44 91 52 61 81 60 2 59 34 34 52 8 31 68 79 34 66 49 67 34 13 19 25 67 92 47 1 11 55 64 89 14 46 94 25 62 44
100 3
80 25 10 65 88 17 82 91 18 83 49 84 1 25 96 52 11 7 85 70 14 88 38 1 16 85 85 8 89 31 6 46 79 63 47 81 28 29 52 55 57 73 4 13 49 48 5 29 42 25 47 47 34 68 70 47 8 52 58 25 73 94 76 86 61 27 1 16 74 34 23 40 64 79 83 7 25 67 51 16 43 72 94 40 7 85 97 37 82 58 40 2 16 16 34 4 10 11 1 7
100 3
26 77 50 95 67 35 84 98 15 80 28 80 47 3 44 8 34 7 43 18 17 53 56 19 70 86 61 22 83 94 19 86 1 59 34 93 16 35 98 10 44 22 32 5 73 20 69 6 86 56 53 58 77 95 39 15 90 28 65 41 95 98 52 20 97 45 14 77 59 32 83 35 32 52 94 65 83 98 4 80 94 2 91 74 49 32 44 29 77 37 53 29 17 56 94 5 95 8 36 83
100 3
73 10 84 94 35 25 62 35 97 48 48 47 71 10 28 5 62 86 68 38 59 41 62 41 36 67 13 16 41 91 69 19 56 17 20 47 14 73 23 95 29 65 70 83 83 56 95 20 22 41 46 32 98 7 14 26 26 5 65 11 25 13 83 22 88 97 23 49 68 62 23 10 80 40 16 83 31 80 95 8 24 44 44 16 51 83 53 86 95 44 38 92 89 40 14 49 4 53 46 62
100 3
50 28 91 4 41 79 16 8 19 85 37 54 41 64 61 46 94 63 34 54 66 52 37 32 46 4 7 7 86 14 1 4 1 70 16 29 92 88 8 67 34 31 47 97 79 77 19 9 23 64 1 31 83 40 89 34 41 69 89 74 7 59 52 6 62 79 92 70 91 61 80 82 76 28 58 9 52 86 22 94 46 1 72 49 37 25 41 1 52 19 28 34 40 94 70 29 94 41 91 46
100 3
35 4 66 54 18 39 82 12 53 86 86 41 84 8 17 31 74 19 45 55 43 14 37 58 92 83 14 98 97 72 97 2 4 89 38 17 50 64 35 74 14 41 65 77 92 37 79 38 65 52 3 86 50 92 71 16 62 62 14 37 50 63 89 56 51 53 92 96 65 95 93 7 29 10 75 50 58 59 14 44 65 68 92 31 68 49 55 51 56 59 4 89 72 52 25 38 38 91 41 96
